(864.5090199161339, 441.1585585154731, 255.17841674245386)
(864.4423762108117, 440.8808184197954, 255.1107724820652)
(864.6208272260192, 440.61115873983863, 254.95334384388258)
(864.7279657787697, 440.4450909031498, 255.044499991821)
(864.6907492036956, 440.4133031039951, 255.13455110862918)
(864.8993766041589, 440.54910398464494, 255.03551842890823)
(864.9672870059082, 440.50021891686475, 255.09703267758442)
(864.8553252487935, 440.6605671528094, 255.03023466529837)
(864.9411385235406, 440.466666770959, 255.18447551013486)
(865.0509639872078, 440.433375937773, 255.01830697038721)
(865.2460471968924, 440.5455369236362, 255.3627786799985)
(865.0813637389492, 440.33296563773825, 255.19664833118966)
(865.3294238408953, 440.1325415506826, 255.01622110370064)
(865.1193735142715, 440.117925375631, 255.31925088350368)
(865.1194621472705, 439.9966841207503, 255.17512015782913)
(865.2173841972766, 440.09942942713803, 255.00383868161046)
(865.1365293089123, 440.0869779128753, 255.1148349766328)
(865.2574982518112, 439.94905776059954, 254.97542872893064)
(865.2723674726167, 440.17818643688224, 254.96986927864225)
(865.285940051222, 439.9587265938196, 255.15897423500644)
(865.1392048579181, 440.09353484229166, 255.1435000908359)
(865.2806199611642, 439.8504270364792, 255.21711894125335)
(865.3668297722577, 439.9472566822625, 255.10055202655633)
(865.6052791395856, 439.83757294069227, 255.06088131401236)
(865.4443603873207, 439.67997937421615, 255.20565605072295)
(865.3619086309412, 439.8132409439193, 255.04010787617122)
(865.2932403016943, 439.58429436888787, 255.0916327429076)
(865.5824075942802, 439.5622634581646, 255.09373710292647)
(865.5749856461945, 439.4004620867078, 255.27418764372234)
(865.8342622566588, 439.6685053253607, 255.23472020020202)
(865.7071735664342, 439.47811831026706, 255.2575594879311)
(865.7375423844994, 439.3586173218815, 255.08491884721067)
(865.8187666966704, 439.61157704856237, 255.32734709700637)
(866.0892533829201, 439.81088283531193, 254.93308743061067)
(865.9873206745717, 439.94565319710676, 255.04065689150002)
(865.9594125751955, 439.9274878658897, 255.18060791689587)
(865.8890291322866, 439.87271973590026, 255.2046286213895)
(865.8903657974032, 439.9437843720997, 255.39422477891063)
(865.7505537972319, 439.7235402200183, 255.19999647167128)
(866.1981438067893, 439.64037497898096, 255.35330744728034)
(865.8697670670101, 439.8416170533188, 255.23663639426115)
(866.2506394148303, 439.89778396230884, 255.32994600140935)
(866.0857075988167, 439.73860822940446, 255.20150117491684)
(866.2453310409653, 439.7886803329391, 255.26867180477248)
(866.2778333367395, 439.46366306164373, 255.30344338963644)
(866.2178885954899, 439.47700294532325, 255.0871813103165)
(866.0131099251618, 438.9174097109314, 255.01486159679422)
(866.089042507183, 439.2000461708011, 255.16976542606855)
(866.3616798764847, 439.066300860276, 255.40818799998945)
(866.3117450139283, 439.05732836349483, 255.3415172465501)
(866.5315870965645, 438.94906757049324, 255.29945814946677)
(866.7057673107403, 439.31134043548434, 255.28063802501762)
(866.5696326312001, 439.26267646510166, 255.24414970780177)
(866.7232980797651, 439.10086883707345, 255.04740847392)
(866.4287035054458, 439.2511870402328, 254.96226907993798)
(866.4874891900924, 438.94086109172827, 255.09411059018592)
(866.6629728805807, 438.94421755202995, 255.04816029404188)
(866.6956119263774, 438.92850887658255, 255.01561671069666)
(866.4110795797367, 439.12268134338285, 254.8157900599912)
(866.6174825313375, 439.1462800473359, 255.0073529903865)
(866.5358890409495, 439.25863022832436, 255.00104216005707)
(866.4800471145426, 439.2518104328053, 254.97729520832306)
(866.9112305947441, 439.23242250281135, 255.24876884961532)
(866.9202853601523, 439.36182614149203, 255.0094428604154)
(866.817828195209, 439.56743636842407, 254.93844444648602)
(866.6577391538515, 439.44998298097653, 255.12925327176328)
(866.756086337615, 439.59037011391973, 255.0484263412337)
(866.8231920075358, 439.14245720480903, 254.94150804315984)
(866.9385827977198, 439.3614306092694, 255.0077903768331)
(866.8642226143736, 439.31395441113074, 255.05787629100416)
(867.0168562410171, 439.042334328677, 254.89641649817904)
(867.0947524515021, 439.1723179371285, 255.051122785815)
(867.2179264493291, 439.2021076394724, 255.0953430577882)
(867.0634561163087, 439.08012804434844, 255.07954094479337)
(867.3093787221142, 439.2285788403342, 255.03941575498882)
(867.0188849820981, 438.6098282648388, 255.11099030481498)
(867.1844780681497, 438.73499962839776, 255.1521081271271)
(867.2806950552949, 438.6919851291186, 255.3127535486224)
(867.3704725180763, 438.3557238019008, 255.20672154271756)
(867.2010737478005, 438.58194421362276, 255.16115902084243)
(867.3602282162567, 438.31265653297754, 255.2060396533808)
(867.4634988461055, 438.4547979753969, 255.22372404296632)
(867.2869655577575, 438.0938971396217, 255.17915216559314)
(867.258154476418, 438.17381824910876, 255.06434316039167)
(867.3128769238757, 438.06221376526173, 255.12826818769165)
(867.4140937043977, 437.9056484876462, 255.1358450227029)
(867.6007795094345, 438.0170351360981, 255.0349865253914)
(867.9145239604632, 438.09768230116066, 255.14496494335154)
(868.0176466415346, 438.2101848302568, 254.97705279541862)
(868.0632136795749, 438.50132792950666, 254.85902045975118)
(867.8617098408595, 438.547056250379, 254.8393595831544)
(867.6728386122563, 438.331965630501, 255.008665051374)
(867.6638284635026, 438.33098550894863, 255.15250706908552)
(867.590981443126, 438.0217783969493, 255.02618291050962)
(867.5052973768012, 438.0593326788836, 254.95654611793444)
(867.5752899184298, 437.9685582732841, 254.96332491066067)
(867.7272633086644, 437.9786658226583, 254.88904863506093)
(868.1895717123782, 437.8510383422409, 255.04951475930628)
(867.8768659686857, 437.80616059545866, 255.05510138242767)
(867.9010462332122, 437.90875269592243, 255.02360327192156)
(867.7794851638995, 437.7507094017772, 254.8971817337031)
(867.8691136657587, 437.9081243217331, 254.87354142585383)
(867.8793876868907, 437.93716322364435, 254.93558879943978)
(867.7084995171316, 438.00361938034393, 254.92564543799185)
(867.4938011849102, 437.95082661629056, 254.9882630897202)
(867.5537389331506, 437.6208254111248, 255.08442058837016)
(867.5580413271693, 437.7195810401222, 254.99695489558917)
(867.7320030755997, 437.62272957530035, 255.01271555148867)
(867.8372301932159, 437.59986120881285, 255.21464127039906)
(867.9654796746884, 437.29372980651226, 255.25752793100332)
(868.032031827033, 437.44329824854486, 255.22796269731063)
(868.2544296540034, 437.49318540854995, 255.24203548270728)
(868.3391390295652, 437.7450693585894, 255.24799640396515)
(868.2794909470286, 437.756676984961, 255.24969938921032)
(868.4021035410708, 437.7174445903727, 255.08477418515704)
(868.3023698724819, 437.63366589813273, 255.06815472716738)
(868.3023698724819, 437.63366589813273, 255.06815472716738)
(868.3199139192809, 437.4929287977817, 255.1029416263442)
(868.3546652190666, 437.39278516574484, 255.25306346053222)
(868.406745486291, 436.90959972688137, 255.01051070341546)
(868.4412630980627, 436.7861406579533, 255.07009832315515)
(868.7513476237214, 436.7457471100415, 255.06989410970968)
(868.7439048410422, 436.50373566337987, 255.03772925229924)
(868.6936725758276, 436.71403906247883, 255.2437476552685)
(869.1536451074055, 437.0739324932226, 255.0813305498766)
(869.0137390381497, 437.0164968741732, 255.14619046297153)
(868.5534065250586, 437.38761498554584, 254.95903736715164)
(868.8023070703634, 437.2347912828767, 255.09908389506444)
(868.8140196950786, 437.20945327761484, 255.0420299813568)
(869.0121758999688, 437.1552620263978, 255.06207407115525)
(868.996208582555, 437.0331785844117, 255.0059355551522)
(869.1132691567689, 436.90481213582416, 254.89889674736713)
(869.0606867733572, 436.8751011635791, 254.9843745993458)
(868.9080727212606, 436.8272257029379, 254.9659241236558)
(869.176521001091, 436.74829322087373, 255.28892187200222)
(869.1954194966818, 436.763894132935, 255.05805623876586)
(869.3192853307276, 436.88071449708394, 255.00814253576755)
(869.0243334058189, 436.8446456211518, 255.21774306443947)
(869.2310241972328, 436.93169806613, 255.05490262812816)
(869.2316338216104, 437.0440537774558, 255.20480118183224)
(869.2832024022119, 436.84740489413423, 255.03573682171307)
(869.553023564126, 437.0646149167385, 255.11562353884938)
(869.3383889899803, 436.8984204129144, 255.06464785529172)
(869.6436218220479, 436.5845673540647, 255.08218875590086)
(869.9664837788412, 436.7980368112197, 255.36856290249656)
(869.4085952463519, 436.9723631266776, 255.0393240523455)
(869.6921814203183, 436.50242967585484, 255.18846768225242)
(869.6571264765091, 436.52663110733977, 255.2682417929901)
(869.6035265146387, 436.6646551713227, 255.18193616680142)
(869.4353451176449, 436.7401637705799, 255.18947986189653)
(869.8145296491491, 436.94872400903705, 255.2550089935619)
(869.695206227046, 436.7716642568987, 255.1815462636946)
(869.5935933178719, 436.5699242256107, 255.1027090593992)
(869.9354653304856, 436.76118450669355, 255.17791210441905)
(869.9477872054256, 436.6545677053516, 255.1524638815886)
(869.883419323998, 436.4489216376587, 255.14684950224577)
(869.9950301853546, 436.3711072032852, 255.09333790982524)
(870.1131406413117, 436.4794657828505, 255.11682675374522)
(869.9460032643678, 436.2980895230793, 255.24879335617808)
(870.0910249059359, 436.163545995115, 255.32125307239843)
(870.3237858366504, 436.25004606210723, 254.98827117031286)
(870.0393843408958, 435.95082595066486, 255.24912503163642)
(869.9811864807579, 436.0145310908843, 255.22966979965688)
(870.0957631614217, 436.2281738160631, 254.94548500061612)
(870.3537926422424, 436.4276746527461, 255.1278060371454)
(870.3452141213306, 436.3477799726256, 255.00791345619052)
(870.1742022367137, 436.26885133344103, 255.10536074477434)
(870.1192556240935, 436.035729467358, 255.04981035097023)
(870.190548284547, 435.756343683413, 255.2203409430162)
(870.4278002136168, 436.0498778993187, 255.05805573198086)
(870.3142476523257, 435.947712859429, 255.03616676362836)
(870.36393304333, 435.81504223471916, 255.0416414114286)
(870.221141799722, 435.9503410535663, 255.03119706980826)
(869.9542289219339, 435.7313919575464, 255.17528159833563)
(869.9181069981029, 435.87960760581217, 255.14931865729815)
(870.4054233326144, 435.7887386257921, 255.24446567037222)
(870.0583953813688, 435.819980098885, 255.09552392240494)
(870.2423933318659, 435.75507851648115, 254.97245887507887)
(870.3107561519871, 435.83239367609167, 255.0971157915303)
(870.2542735840038, 435.94409424917524, 254.97427397877576)
(870.4620734074005, 435.81968021464377, 255.12515466581422)
(870.4550415103117, 435.75946252290237, 255.08577833639512)
(870.3730432281744, 435.7966955366412, 254.9661289908015)
(870.2097885090307, 435.77771693911365, 254.98267961128974)
(870.3014182693832, 435.80002302404466, 254.88006307298417)
(870.2302079436158, 435.5495526891502, 255.01594041499337)
(870.4996649455965, 435.17708767727686, 255.02924330815404)
(870.5012269671345, 435.40430532605, 254.94894288403484)
(870.540663223696, 435.6565261679858, 255.05494630310807)
(870.6209644312913, 435.388985216425, 254.7974561946082)
(870.6976765173019, 435.43197061620265, 254.93970517592868)
(870.5959604578068, 435.26608727254563, 254.95967170915011)
(870.7298325563837, 435.1581280145568, 254.96683411894676)
(870.7698676480663, 435.4132080145482, 255.0324253053496)
(870.81249509155, 435.0623393177946, 255.06581115318892)
(871.0140865159107, 435.524582326625, 254.8879997225667)
(870.8884438922786, 434.94185681280084, 255.06213672480496)
(870.7673239854627, 434.9083112311881, 255.03992016192933)
(870.951180849711, 434.9461875361003, 255.04842056643045)
(871.1710128249435, 434.73892555641214, 255.06901028674295)
(870.8615325221384, 434.80983227169304, 255.18709552009494)
(870.8248149276452, 434.5884633537162, 255.08486049373028)
(871.0569928916445, 434.65493786664206, 255.12508048261978)
(871.1079224701017, 434.96233850477563, 255.169288875202)
(871.1159851486298, 434.708109167898, 254.87921060691627)
(871.0607960935994, 434.65146722626105, 254.9831026418328)
(871.2051530010173, 434.7471786917548, 255.00608445477877)
(871.6289489838424, 434.5556996263488, 255.04911853649017)
(871.6289495773826, 434.65902025997974, 255.14306962365677)
(871.3076301547017, 434.7560196425029, 255.0891260476027)
(871.5737073373247, 434.5746678540218, 255.1177659910193)
(871.4610766358612, 434.4325655922936, 255.12408188987933)
(871.1744602045646, 434.30296462294785, 255.09818341409354)
(871.2652308510341, 434.5294925209418, 255.27214272373294)
(871.050034012826, 434.40089853209724, 255.02961544604068)
(871.4609286041767, 434.6011448483798, 255.20536657611075)
(871.5511512313541, 434.42790009182335, 255.0917309422271)
(871.3560977589303, 434.2917365820233, 255.11952873042662)
(871.3099840939377, 434.501910574391, 255.17352409234263)
(871.4763454804032, 434.29301722261346, 255.31793116225)
(871.7591823138674, 434.3935239911515, 255.2422890829662)
(872.1211617389305, 434.18937362724694, 255.13141765577464)
(872.0992400859412, 434.3212428840195, 255.00615783613443)
(871.7714824346323, 434.10758700664064, 255.23045009946523)
(871.7423104932427, 434.07279276400436, 255.37562810076835)
(871.7020107875496, 434.107701466569, 255.24294041802074)
(871.8365264778013, 434.32128956614974, 255.22034604054764)
(871.6513707673785, 434.0848461825265, 255.18104136271788)
(871.6738951931238, 433.98412137937146, 255.1192414570772)
(871.6601711812176, 434.16339403354715, 254.9995895678796)
(871.7074923697916, 433.9974942042245, 255.03198735163795)
(872.0326239631338, 433.74322707598054, 255.22592108879812)
(871.9585425052067, 433.99597197326557, 255.1444307592847)
(872.3217266459496, 433.8977986920117, 255.03787735766906)
(872.2863397016268, 433.89554895250615, 255.17102609677258)
(872.1376289597865, 433.7830769476882, 255.10535747203784)
(872.3124274308276, 433.90578127239166, 255.20169689635068)
(872.423174475821, 433.641047668141, 255.0717129966186)
(872.2595717469989, 433.5476397676688, 255.04459755129736)
(872.2169761520042, 433.80905007400804, 255.17876825198286)
(872.2049236743757, 433.6229260145982, 255.18096433733635)
(872.1851647870121, 433.76653732209934, 255.04783514836066)
(872.378497946205, 434.07565243354645, 255.31765669605605)
(872.3201555005843, 433.73580271439687, 255.28531330839564)
(872.2790011352406, 433.8034310102993, 255.0627712155235)
(872.4087809133512, 433.7068024159738, 255.20307524701298)
(872.3818968072576, 433.62100320796264, 255.30574053581844)
(872.5812765255617, 433.71945611190563, 255.25310771460366)
(872.5791263309127, 433.78006813551, 255.14065328274117)
(872.6148340918551, 433.693846922867, 255.18073974628604)
(872.8371959891086, 433.74681335919536, 255.15764148828558)
(872.6935434100814, 433.4564461086568, 255.26996362168416)
(872.4920671208205, 433.35516733966915, 255.33161253479173)
(872.4317940703651, 433.3000492694438, 255.37444590031774)
(872.5184590215208, 432.8565078810625, 255.24860735427606)
(872.604924353017, 432.74773641081146, 255.5318413726091)
(872.8937571539124, 432.957397022281, 255.35136715934058)
(872.9093961647136, 432.90978297057086, 255.19953094275695)
(872.8117825947796, 433.03471140387717, 255.18093672771258)
(872.8158818740483, 433.05700047276594, 255.09960855757814)
(873.0807053397746, 433.20623265418476, 255.3036967161662)
(872.9871070700497, 433.2510801916526, 255.27172472640055)
(872.8365696025563, 432.8735724190804, 255.1528142260411)
(873.2804101594165, 432.8960962554663, 255.08021762127217)
(873.0927933145315, 432.6921176536978, 255.1879752596836)
(872.9930046493978, 432.8486052971406, 255.17424490112606)
(872.8266542253131, 432.67282654939794, 255.2290626594651)
(872.9786326820124, 432.821543520564, 255.33158432256337)
(872.7664553121984, 432.63209998297975, 255.15636718634698)
(872.6846845554796, 432.42385305430093, 255.2631097766806)
(872.6876893084411, 432.2690803036833, 255.33820351500685)
(872.9218184002491, 432.35986034520204, 255.32741958965912)
(873.0096937629248, 432.7012284312903, 255.18058123731905)
(873.0770642353966, 432.5985604795802, 255.17531600309835)
(873.5413824233565, 432.63529629579875, 255.15823569154372)
(873.4770715717854, 432.82458632513084, 255.14892018225143)
(873.4105387538191, 432.77371373586686, 255.28111913333038)
(873.306888884847, 432.7159122922384, 255.11208653106445)
(873.4131888019401, 432.63434204494854, 255.12779077569965)
(873.0631555878678, 432.6612104620211, 255.11952333614758)
(873.0567178501225, 432.6329202180674, 255.16648049828595)
(873.1164167873737, 432.5629779167681, 255.25158902770258)
(873.0376725708848, 432.693229220998, 255.29674642505955)
(872.9161283124276, 432.28737668430716, 255.3093494556714)
(873.079932595679, 432.6950537063161, 255.29813206182519)
(873.0459435450816, 432.34833084467095, 255.20199118596977)
(873.1727251812913, 432.51290090653583, 255.33163572304346)
(873.4988790063375, 432.7029999005057, 255.28891760444648)
(873.7425347465081, 432.6751624902053, 255.05335508641147)
(873.6447515303844, 432.63070606073086, 255.11330709605468)
(873.4654604048183, 432.51702460179945, 255.21816285573362)
(873.5518936249465, 432.24886359899926, 255.0689203087532)
(873.3955041276411, 432.5306959982732, 255.12243502912386)
(873.6626804558388, 431.96313240976565, 255.13318498017665)
(873.661348549413, 432.04787865284936, 255.28046251198307)
(873.7783632099312, 431.9605702951932, 255.362123493215)
(873.6638702791864, 431.9105867659656, 255.21338473290697)
(873.8049786230255, 432.00570177912255, 255.07139639122215)
(873.9295951457115, 431.8724943075508, 255.14080429226897)
(874.119752238471, 432.1958234191941, 255.23405924325186)
(874.1936418936439, 432.030621009415, 255.0810677048939)
(874.0316643122925, 431.7256371179501, 255.2243632192047)
(874.2128004002296, 431.90446183602813, 255.25666888514795)
(874.4329749741502, 431.80486167237285, 255.39060298557118)
(874.1858308406438, 431.79134846359943, 255.02188210952977)
(874.3855704612329, 431.96488793294554, 255.14645064236512)
(874.2939170922359, 431.59190561005346, 255.22888266461499)
(874.2793767133903, 431.6398937192416, 255.29133444074117)
(874.3035660684034, 431.6545196508547, 255.26793856337426)
(874.3283670856295, 431.59243777016866, 255.26295872658943)
(874.3539277700623, 431.4579743554526, 255.2456532417328)
(874.5003806315807, 431.2375673206887, 255.21151050756401)
(874.474958045494, 431.25594827309874, 255.23825547188108)
(874.5034653960438, 431.24660206382987, 255.37208816161228)
(874.7125419630246, 431.0268272529686, 255.1952902269939)
(874.9420867507041, 431.5186526063382, 255.13394030603985)
(874.8088210068164, 431.4655779418468, 255.1942757609803)
(874.9435234043084, 431.43245549225696, 255.08670984059782)
(874.6602761916312, 431.49000506150054, 255.23920820238024)
(874.8624021256283, 431.16527211702726, 255.07229638711632)
(874.608186585577, 431.2087880594846, 255.14441359165588)
(874.5654242033526, 431.37105105637625, 255.2170415463506)
(874.9403315206624, 431.4708171823254, 255.19112481346593)
(874.7832941293811, 431.22245606171265, 255.13241115906996)
(875.0779888592174, 431.2260749645014, 255.24551318569172)
(875.205179789591, 431.1484732102656, 255.28886954049034)
(875.1180910185462, 431.34833564684254, 255.14633621049708)
(875.2301413542597, 431.3109819957009, 255.14087890693406)
(875.105512149522, 431.5329902581914, 255.2241427851487)
(875.0368089322163, 431.2648820016884, 255.13111869498502)
(875.1322657401862, 431.2650145771044, 255.203087450505)
(875.175657440262, 431.3515939019242, 255.12179600315068)
(875.3287848960343, 431.1604433081708, 255.11341216886993)
(875.1993076824294, 431.2055906683779, 255.32964661411538)
(875.1575029714791, 431.2266372959523, 255.30407121623148)
(875.3897277022173, 431.2650806857115, 254.94862915923107)
(875.2833302788604, 431.2653043362751, 255.14941080650925)
(875.3323015670532, 431.11232549798615, 255.2856552868273)
(875.5252329195722, 431.30483987121806, 254.9884774398626)
(875.4267046119029, 431.3878348130736, 255.10066744275335)
(875.3996698799485, 431.2803130580405, 255.108812721306)
(875.466927442559, 431.06129780681, 255.30793110065383)
(875.5582742568699, 431.2810572049498, 255.0837631140545)
(875.4361884128784, 430.8348135761873, 255.08586759535552)
(875.4123111573073, 431.08970338647464, 255.19350639533133)
(875.5384382140261, 431.05900073305054, 255.16035485181368)
(875.4264586897906, 431.06507983827623, 255.10454496983445)
(875.3651363233603, 431.0588945422295, 255.11923200959652)
(875.4019709954481, 431.00610886807675, 255.09351093266957)
(875.5300726066598, 431.09547445727617, 255.30221063938652)
(875.7884793755671, 431.03021814319055, 255.35775512523523)
(875.5183992305475, 430.9546084694777, 255.11275693919396)
(875.6622177583116, 430.950672200883, 255.0065410038817)
(875.6024777773237, 430.83544703432483, 255.06020693498994)
(875.8448557054264, 430.5465085083064, 255.01178985592503)
(875.4954726494914, 430.6654720879149, 255.04937983259168)
(875.7302588276129, 430.6533114301917, 255.1479983973056)
(875.4949340567149, 430.4267902560938, 254.92074299291875)
(875.3644304476612, 430.27213202124165, 255.0360844287406)
(875.6023401115939, 430.54883810289846, 255.06201318152645)
(875.7807064417769, 430.0119412767739, 255.21120098792184)
(875.7907013859635, 429.74445407549035, 255.27048028122056)
(875.4910431542473, 429.679810797513, 255.1035830408245)
(875.6215518926698, 429.5958716067235, 255.3221225330907)
(875.728683955263, 429.65495145177664, 255.24299763240924)
(875.723786886199, 429.7857020560366, 255.21904228380686)
(875.8974186899131, 429.5330695329618, 255.11688830634367)
(875.9155566350757, 429.5105363839401, 255.2455844887908)
(876.2026901783433, 429.5135984087555, 255.353977256129)
(876.0190904313516, 429.5304493509295, 255.31177622731005)
(875.9977970546953, 429.4561427787535, 255.2628876918191)
(876.0969385990395, 429.6858315983996, 255.1827790475307)
(876.0652692242593, 429.1680862304637, 255.40849857711868)
(875.9183530686568, 429.17382609009303, 255.17751270767693)
(875.9906405165108, 429.20780830643855, 255.288529545665)
(875.9454170250671, 429.2567559248518, 255.28205093132703)
(875.9939435959835, 429.47380535699034, 255.28262751384108)
(876.0685253334901, 429.6344358853259, 255.26539621760185)
(876.2924472797799, 429.4844676691622, 255.13935665090722)
(876.0093794806919, 429.5875501261236, 255.22006052369542)
(876.3798466709476, 429.2328844906167, 254.96188809260786)
(876.4660042486033, 429.7964554421278, 255.08969557836863)
(876.3900757959718, 429.65775341514745, 255.06899775988373)
(876.3296106734354, 429.61784245033857, 255.0505792733104)
(876.6944861982671, 429.5391760470527, 255.14949987697395)
(876.7527109903472, 429.5519856726205, 255.25282935592324)
(876.6153522294692, 429.0959813671177, 254.87886646220153)
(876.6205195231573, 428.9085661702124, 254.9977217920447)
(876.6272449356562, 428.84429245794047, 255.04745901142908)
(876.630836209769, 429.2056475747719, 255.1008178707023)
(876.4805131196912, 428.90887385124665, 255.2233927564748)
(876.4081744742516, 428.8445680224445, 255.0516268293599)
(876.3275447436437, 429.06719614226347, 255.23826608410596)
(876.2011433405528, 429.03769462391176, 255.32470712867013)
(876.6485753018761, 429.24034443887734, 254.92360509408226)
(876.8221821273745, 429.30056326602295, 255.13788740420333)
(876.887634291147, 429.1037085832027, 255.07724880795257)
(876.9651076404218, 429.07565384694067, 255.095816285925)
(876.9974946442572, 429.020445794326, 255.09652796681013)
(876.8654449747715, 429.267720685026, 255.15979084882375)
(876.8899418778707, 429.07158300272437, 255.28654127104656)
(876.9819701594984, 429.15212121954005, 255.15244633470252)
(877.1706559147647, 428.73778680005506, 254.94383316827185)
(877.0566021180973, 428.73634966836016, 255.14683181354144)
(877.2174209730042, 428.83363761161854, 255.19140905277067)
(877.2545225135365, 429.11748125349607, 255.12635448241818)
(877.1860693604575, 429.1415519368352, 255.11653636867723)
(877.2047284841619, 428.9973639851696, 255.01564986627272)
(877.1819916734559, 428.9796223218369, 254.9961401843844)
(877.3634944697935, 428.87212926216404, 255.11913404034058)
(877.5193592592337, 428.9381474150241, 255.07389321918913)
(877.368491995627, 428.56808888914406, 255.0556008296579)
(877.2415897230067, 428.08857839163824, 254.97092256755508)
(877.285512197711, 428.56954116126485, 254.84680841233163)
(877.2551479324677, 428.74015470121424, 254.8856665005424)
(877.3991336328367, 428.7365283830287, 254.98491499963308)
(877.2894171407744, 428.36146441024346, 254.79690117661139)
(877.163176395447, 428.16047093032455, 254.94142176131996)
(877.2141747106864, 428.2201580447264, 255.10018574956734)
(877.5516777111618, 427.992662334412, 254.90884678716696)
(877.4323716082067, 427.831890445216, 255.0198914609997)
(877.6552004733923, 428.46982553833556, 255.06174870345205)
(877.7202516644522, 428.15807385980304, 254.95674381981374)
(877.7760616720889, 428.1253367993644, 254.92306674555988)
(877.7036956036566, 428.13391403910214, 255.1558965346087)
(877.827628149253, 428.00113656087046, 255.15548196916504)
(877.4283405979373, 428.1361727312328, 255.00215862510953)
(877.3276681662642, 428.2117063219101, 254.94565695843553)
(877.5172893401477, 428.1775550093687, 254.95720216635976)
(877.5792044410381, 428.30607203593604, 254.92961416653236)
(877.5575552187174, 428.0877400561667, 255.09962373761132)
(877.7037166517591, 428.0612513073272, 254.97654279169362)
(877.6842790397329, 427.8826262296527, 255.1330718150533)
(877.9206592901293, 428.0264343115605, 254.89273337778252)
(877.8477804677492, 428.0706319456802, 254.8963669945125)
(878.2683143391542, 428.0263555857087, 255.15279477164975)
(878.6145401223124, 427.8502878096833, 255.02366680212222)
(878.3746660762808, 427.9930231913457, 255.12648144279848)
(878.286888110077, 428.04972330766, 255.1563796457103)
(878.4504028281158, 428.1179282537237, 255.05167161267346)
(878.4164692517869, 427.94690026388025, 254.99327561245792)
(878.356894842284, 427.76902408489843, 255.1595925034095)
(878.2657524007201, 427.5132462648643, 255.00029544287125)
(878.3458817381945, 427.82687410939, 255.09622792429073)
(878.2635702489232, 427.67573219438975, 255.17403103085476)
(878.1028383286364, 427.74605513633145, 254.96542224091797)
(878.2936307128667, 427.286888091812, 255.14690130695467)
(878.2952203282073, 427.4807640860689, 255.04087897651354)
(878.7134801354453, 427.61239724986785, 254.91376398640205)
(878.786826068725, 427.61695444429336, 254.95632535579634)
(878.761758235195, 427.554315034325, 254.89355093161814)
(878.9023201888617, 427.48563797747704, 254.95507451704663)
(878.7194882171559, 427.5907238495763, 254.95812123209623)
(878.9672766124135, 427.4855470816375, 255.14842849168602)
(878.8051833388474, 427.368134331221, 254.99658071264756)
(878.4987874055801, 427.10760200455593, 255.11006348679814)
(878.9868550367447, 427.1101580001397, 255.13279222394303)
(878.6769851200031, 427.0314740192974, 255.22489028961274)
(878.9074700221255, 427.00503228511883, 255.05726564807)
(879.0485277775891, 427.15692933787534, 255.2057048923966)
(879.0559983661043, 426.7303789450143, 255.2157145603697)
(879.3399216632773, 427.02525081692454, 255.16566570599088)
(879.5095463200822, 427.0152786259017, 255.19171085597043)
(879.512673893759, 427.27579586374833, 255.08998801877476)
(879.6570501100045, 427.2488360541599, 254.96120546285758)
(879.4618994510734, 427.5273899119018, 255.15029852317218)
(879.5716037477168, 427.4783701814364, 254.94682762597273)
(879.5252359787789, 427.0205980126327, 254.90173639509362)
(879.6062033541596, 426.8593993464432, 254.99882409463063)
(879.3277571488759, 426.813861078297, 254.9668073173317)
(879.3345843389804, 426.54197976491685, 254.90752038642495)
(879.2433190100527, 426.6273262973755, 254.880055380789)
(879.5320063893209, 426.3628725053586, 255.2304931534993)
(879.4768006580614, 426.45558527171937, 255.28499114620354)
(879.5133802729924, 426.49263911849914, 255.10261867586044)
(879.7174076506519, 427.0738363859404, 255.0958075317646)
(879.7533603175115, 426.90826986798186, 255.06494740011573)
(879.6937098131026, 426.9257397140128, 254.93275273835675)
(879.8791313883803, 426.83472906122563, 255.08399780517047)
(879.6691776583248, 426.6398634964059, 255.0357890606943)
(879.5734884020025, 426.5386107273821, 255.03711037780562)
(879.6909961265897, 426.63498742531, 254.87286074774553)
(879.7761734177922, 426.6193327589322, 255.14287659416337)
(879.6345933297247, 426.1909486315321, 254.88316967210875)
(879.5462907687596, 426.2182128107577, 254.85562779696735)
(879.4526504000024, 426.44835759931186, 255.11709617900559)
(879.555308168023, 426.28272592055873, 255.01915502017087)
(879.7279621617389, 426.6232003798299, 255.13530757141325)
(879.7242568011281, 426.9045705471731, 254.8959380648148)
(879.8166134960912, 426.6788579238121, 255.05979787675224)
(880.007194880588, 426.5196305166543, 255.14139261557523)
(879.889433189978, 426.48477367455087, 255.12429445128046)
(880.1543018782207, 426.68717971851993, 254.93654845674587)
(880.0008274427857, 426.69896702545424, 255.05660210446032)
(880.041820600215, 426.51749887855385, 255.12118588823176)
(880.0813131802431, 426.401306429764, 255.17120738748446)
(880.0523942839793, 426.27422137532847, 255.3341590008193)
(880.0439855583244, 426.1813258286319, 255.01123495331052)
(879.8609315209048, 425.91128365263035, 255.1549134747122)
(879.5772073728905, 426.3944762653765, 255.05041664580585)
(879.8795809096712, 426.3856729534698, 254.9012779252368)
(879.7066018742448, 426.48464244870115, 255.05983512789902)
(880.0894954245941, 426.62190090004594, 254.80316401695256)
(880.1946999081657, 426.6754763767848, 254.8736974698403)
(880.4494155627818, 426.2474764259533, 255.01285761960474)
(880.4775214275057, 426.0835020320251, 254.88619420785076)
(880.5644999991043, 426.14445395724874, 254.7712944416701)
(880.5601341123111, 425.9291129773888, 254.61077625122178)
(880.4805452390917, 425.9627114375429, 254.77654878239758)
(880.4463644773119, 425.85810964193234, 254.87103699563727)
(880.4553067288429, 425.67612723594937, 254.91718095973084)
(880.084589322316, 425.5800083673906, 254.9297873785819)
(880.5127117513193, 425.9020710712856, 254.80155416175512)
(880.539698184853, 425.840238014444, 254.96626921048843)
(880.3368662345009, 425.6231670722169, 254.95767411816945)
(880.8026996195025, 425.8375913369424, 254.878546703474)
(880.7652827137069, 425.911736499221, 255.08894381018567)
(880.8697720530521, 425.7879598881732, 255.17016928377487)
(881.0076439420488, 425.8599430698663, 255.02775288478716)
(880.8755577400344, 425.6930258082997, 255.17956370070533)
(880.7355427004978, 425.6552732612629, 255.15135538683242)
(880.5875181570126, 425.5287419070196, 255.10535969371847)
(880.790876176275, 425.57939300388193, 255.0896005341695)
(880.786598976442, 425.5545555588375, 255.03441897003825)
(881.052241566937, 425.73245132709076, 254.99174642251864)
(880.7552842416072, 425.7097849459029, 254.9598951803819)
(880.9997582186932, 425.70403121528716, 255.17135878743534)
(881.0137486319832, 425.2285584996682, 255.0440828378062)
(880.9774176192144, 425.40289774191274, 254.9212001404398)
(881.1570950118113, 425.2920677942178, 255.1422053546429)
(881.2148878848026, 425.32100779365413, 255.0033466938823)
(881.3998222850803, 425.3275371639214, 254.86499754070178)
(881.4027464524543, 425.2873818873299, 254.94503778654223)
(881.2680322307345, 425.63010673872236, 254.93897168166362)
(881.3298138664837, 425.19881402895544, 254.94244152191877)
(881.1151716317605, 425.5962054339427, 255.06581747542464)
(881.0865261494387, 425.17178542721877, 255.09252639667287)
(881.0333170505604, 425.16720892764374, 255.2391707428023)
(881.2078795439776, 425.2480782487195, 255.23994124595606)
(881.2067878014578, 425.068765264534, 254.98357247341832)
(881.1319188633214, 425.02794463656556, 255.15486678606777)
(881.3670599163969, 424.9578146513684, 255.1334115238087)
(881.3485038466755, 424.7236620481276, 255.0818163196724)
(881.5251359681333, 424.66176236972547, 255.07924912027806)
(881.6276160223684, 424.5888934085002, 255.0271888252623)
(881.4583658168035, 424.66512374432364, 255.17195805620918)
(881.3299837661338, 424.65846600728094, 255.26933544288778)
(881.4283501763704, 424.8198325611663, 255.13049592290247)
(881.461003513544, 424.5506231691177, 255.12975563183954)
(881.3731183607384, 424.35913709509975, 255.21425469464964)
(881.6524347508852, 424.4240805220692, 255.35557771159293)
(881.8315700115567, 424.423315457247, 255.34499408620002)
(881.9616113923314, 424.55805533536267, 255.30154423663387)
(882.0925893673493, 424.66231696347387, 255.1558899709241)
(882.0200549275875, 424.60131134089454, 255.40328129506403)
(882.0509732996143, 424.828717913701, 255.3027165720929)
(881.9693067998465, 424.96990242332197, 255.06353697771127)
(881.8475808698819, 424.82724297940376, 255.44382499899965)
(882.3171718723416, 425.23640384381605, 255.2650913694408)
(882.1004494283578, 424.7351064598622, 255.08321931370315)
(882.0432680254236, 424.4737810533577, 255.16073793000345)
(881.9624350365568, 424.72441368098737, 255.12250905250195)
(882.0279830906604, 424.5126926134687, 255.17308323796448)
(881.8565520583443, 424.39924492459795, 255.24736874864726)
(881.973265930915, 424.2587676474915, 255.16393783706874)
(882.0695694020259, 424.18361624658314, 255.1689891955461)
(882.0831382228382, 424.14394987446343, 255.19031326822324)
(882.2321898484455, 424.27284158587736, 255.2700109405299)
(882.2897837373908, 424.28279926418196, 255.1932175434605)
(882.2924226206584, 424.0349524723362, 255.23648126882958)
(882.3495556019103, 424.447555858881, 255.44324971070333)
(882.4885050917866, 424.1893841150631, 255.37774821173636)
(882.40739047853, 424.18009846529753, 255.33805542839207)
(882.3458567699549, 424.48111183261506, 255.24782028831984)
(882.3974284133516, 424.2300321990139, 255.32257070890154)
(882.3620266342627, 424.16589869381164, 255.3582303063945)
(882.3932699768465, 424.21204003298874, 255.33775482572773)
(882.4740282380396, 424.00926242661626, 255.29849576339544)
(882.4864845651607, 423.53004508588197, 255.33647672628516)
(882.6654794444041, 423.8019125667539, 255.23136441859387)
(882.6873390703425, 423.30059617902054, 255.32328293001618)
(882.7234309130782, 423.74861444479365, 255.21663758925234)
(883.1091609783762, 423.6024543081492, 255.20794437172682)
(883.0227395986669, 423.59929806707055, 255.14170043769937)
(883.0115773432482, 423.6712186113367, 255.1355759793825)
(882.8312018890286, 423.59179250050863, 255.54542839731747)
(882.6863211503249, 423.69455138090166, 255.17533521053713)
(882.9443477829119, 423.5079564330178, 255.22661835674143)
(882.7176466018517, 423.2637295279004, 255.30251815011118)
(882.8114058994091, 423.13779999564963, 255.3408380490945)
(882.8940821736592, 423.1025993572512, 255.30908259394258)
(882.9871234896043, 423.1392175804823, 255.33694202069898)
(883.0033610935998, 423.33761184957655, 255.26276864890752)
(883.2841588116952, 423.17054384073924, 255.35362325445269)
(883.2488771096465, 423.15319462651655, 255.26404732221164)
(883.4625150304096, 423.6063745458727, 255.13126788485448)
(883.4662777247661, 423.53094282235685, 255.39496598478078)
(883.261275664002, 423.55495409294053, 255.21671171307779)
(883.3785203148922, 423.56095371573747, 255.27245625740767)
(883.3376647000546, 423.43725522757614, 255.19174473287705)
(883.0044572277494, 423.399870606233, 255.17243518355102)
(883.1903809610137, 422.7936247489173, 255.2060378437089)
(883.0523717416938, 422.5485549750873, 255.30816648981624)
(883.3260996433121, 422.8237151267289, 255.2964832694174)
(883.3050605231855, 422.50287634464587, 255.32744495875357)
(883.218552225842, 422.93174372914945, 255.3108642206561)
(883.475122284602, 423.03225326719536, 255.29102322543503)
(883.6542211741219, 423.29113745343744, 255.1893445491855)
(883.6349802311389, 423.3844929994359, 255.24603835205855)
(883.7326851425534, 423.184294073522, 255.10606493212845)
(883.8437085929334, 423.3343545315535, 255.16017533796224)
(883.8635417040396, 423.49718278965463, 255.064695502791)
(883.6901388431538, 423.2431630040361, 255.06840577230992)
(883.6878408152637, 423.1455100797491, 255.0761013391444)
(883.7751195068668, 422.84479739248764, 255.05696606348914)
(883.7141698162628, 422.937259148218, 254.98448457138596)
(883.7513682898878, 423.14047969433375, 255.1216018913534)
(883.544635176139, 423.2067867324557, 255.03475707315238)
(883.74910961753, 423.37670806316413, 255.08678239985423)
(883.9882621807324, 423.42386565060235, 255.0856596810815)
(883.5842390380832, 423.52136971527693, 255.0413305649499)
(883.6402043987839, 423.17571364818207, 255.0864733574773)
(883.6197332853696, 422.8662575644041, 255.16388479922605)
(884.0089224944289, 422.9001447050607, 255.32005868921277)
(883.8604310976814, 422.95849488397675, 255.07840278533027)
(884.1431677899344, 422.8585257332456, 255.40344172077604)
(884.0828878028507, 422.7606421456172, 255.2853761705899)
(884.0205861305777, 422.43986409225147, 255.21068283820023)
(883.9949043472913, 422.15511033542066, 255.04663414757113)
(884.048932380369, 422.05500062373653, 255.17813310266322)
(884.0841570217038, 422.0400342314224, 255.15856852366528)
(883.9028480619485, 422.24884225202584, 255.22179271667738)
(883.9293779729328, 422.13097442081335, 255.25882042479432)
(884.124583845338, 422.19420923354915, 255.13405991605563)
(884.1203474980797, 422.1285069808923, 255.04732153189087)
(884.2377365385124, 422.1244575584051, 255.24957599661747)
(884.3948247551381, 422.43848441411285, 255.08112967828907)
(884.5184884580552, 422.4855470158743, 255.2010700161094)
(884.5119119764648, 422.2803289130013, 255.1864666701608)
(884.4523424846609, 422.01847262936957, 255.02817829221254)
(884.7633352023041, 422.0338237035346, 255.2040528715856)
(884.6774913527348, 422.0004445565078, 255.1188280478508)
(884.6831948896586, 422.17430058529726, 255.16055379517422)
(884.7623794615806, 422.07099928754207, 254.98739968616033)
(884.4762856263712, 421.9926154554459, 255.25010072360752)
(884.4639612105786, 422.12053388209074, 255.11849832901814)
(884.5216082858441, 422.03389749175267, 255.21264366553703)
(884.6530519312638, 421.99330275166113, 255.2048602296513)
(884.8734285101286, 421.99665801662775, 255.2109158057451)
(885.3759644223563, 422.16541121216295, 255.32534985982755)
(885.2814202774448, 422.0536178255792, 255.39962161815828)
(885.3959095816763, 421.9599722294738, 255.3505245576352)
(885.3259528412016, 421.6096305210901, 255.17870514779383)
(885.3742537776742, 421.66110421576366, 255.16982046581356)
(885.2009988991647, 421.49411025544504, 255.21022984099466)
(885.1700329951434, 421.56195663469344, 255.31595968652772)
(884.8863386563759, 421.58615480032404, 255.24028115564664)
(884.8060112200073, 422.0074760769654, 255.2612149822523)
(884.7193400699523, 421.8853429559271, 255.1577841979892)
(884.7872542109178, 422.0618549450783, 255.29272881353452)
(884.9139313945414, 421.5342316505504, 255.22361868716717)
(885.4359784336684, 421.3403760663277, 255.37869163257665)
(885.5796961994974, 421.6558342142297, 255.19309969545537)
(885.758861943851, 421.7001345297072, 255.2685865848114)
(885.9309906017673, 421.8016936646643, 255.4076386194175)
(885.8124773646175, 421.63421896263173, 255.4091045537716)
(885.8987395460985, 421.7316333468, 255.39134688421404)
(885.7922902498851, 421.8135472955158, 255.29841351074197)
(885.2246748562702, 421.4280211701469, 255.05759661928337)
(885.3522285175997, 421.40113521736, 255.27672274010538)
(885.2881020378974, 421.44706126488035, 255.25955592860578)
(885.1290000518311, 421.2596750562509, 255.0735350646495)
(885.1274261711036, 421.1566530285315, 255.13468554694364)
(885.4436298300177, 421.35379568031544, 255.02244704921796)
(885.4405822264989, 421.2696408036566, 255.23929234213213)
(885.6604309354233, 421.4023191638471, 255.2883144196191)
(885.7658692031653, 421.4784456884446, 255.2359454769986)
(885.6813948419084, 421.23673528252357, 255.17821573240542)
(886.0501904619714, 421.4549737306986, 255.19512675356984)
(885.9819136367215, 421.60556988303614, 255.1694568154951)
(886.0036135252233, 421.64357763373755, 255.23231034764513)
(885.8929585553984, 421.65490822292514, 255.21331347686518)
(885.8171304943036, 421.7826691803494, 255.1945398365148)
(886.1238681843353, 421.4325486461347, 255.3631530487243)
(886.2100597290248, 421.29558046230454, 255.30209301909298)
(886.3821637632442, 421.00683410434283, 255.23133261470582)
(886.383951688735, 420.9684784047154, 255.25683881006472)
(886.3005524300995, 420.83574847058253, 255.09851041287945)
(886.4605409489166, 420.6690884316555, 255.12401553690145)
(886.1231111391992, 420.44825170599336, 255.0779302539039)
(886.3381228129415, 420.7579529935393, 255.22394123180737)
(886.3435673349918, 420.72740974020746, 255.22251996959847)
(886.2320985269172, 420.93467493036206, 255.06961496965528)
(885.9272312691742, 420.88992450217654, 255.16249862841107)
(886.0733516603563, 420.94518061256883, 255.05205495539198)
(886.0336491519348, 420.81009336068536, 254.938992336385)
(886.1883084653728, 420.5229984685135, 255.20750297086164)
(886.5065660208116, 420.213855920195, 255.0392811345932)
(886.5428806460998, 420.62382740573827, 255.3330813361853)
(886.4310814318237, 420.55657176128096, 255.29576420479506)
(886.6986034124972, 420.49215024229807, 255.1906107555)
(886.4794623034356, 420.464558674425, 255.2265460343801)
(886.5887514426769, 420.3943850717666, 255.16190146334733)
(886.2352234842699, 420.51430202634856, 255.21550091597106)
(886.3027910918755, 420.4818727627128, 255.2510897817299)
(886.4640934678829, 420.46678522846287, 255.38934855268445)
(886.4392888551148, 420.4021706729043, 255.09739817830757)
(886.4139368497922, 420.3307606474914, 255.22481806677018)
(886.6217124658914, 420.60203299467804, 255.2052524564659)
(886.5636432519585, 420.53423157670017, 255.24389807781003)
(886.5778118203734, 420.4328877343007, 255.25976311269088)
(886.9328426195586, 420.25482958600355, 255.30081017477306)
(886.8226846045809, 420.3265548005422, 255.45464777520243)
(887.1968219703675, 420.03652975024073, 255.3210875111383)
(887.1227499640435, 419.99762360963183, 255.4157980013595)
(887.2110999489163, 420.37206540619604, 255.2912370063546)
(887.0853967326705, 420.07824325992317, 255.44546733801042)
(886.8991267072605, 420.0655046445413, 255.40811601035372)
(886.6509558560958, 419.76517652754774, 255.43562570189198)
(886.6596632173226, 419.5313123063868, 255.18105969356765)
(886.8091773511275, 419.4494617192951, 255.21120726743692)
(886.8504830297321, 419.6721926449774, 255.33981914975303)
(887.3379415348475, 419.5575679935266, 255.4367551274166)
(887.666187474808, 419.4876972296745, 255.35158111066886)
(887.4078567260332, 419.56343853865417, 255.2071371370018)
(887.261394103038, 419.4581387320543, 255.36688759185478)
(887.1801163203517, 419.5131337166994, 255.21168325712304)
(886.6990952939802, 419.55319526534174, 255.27192164501253)
(886.6616574945285, 419.4459013307313, 255.44721532231614)
(886.6620431928185, 419.7645603837326, 255.3387711514115)
(886.8138164949187, 419.7173179395805, 255.37108497960443)
(886.7144094465591, 419.54563099476485, 255.31228957234634)
(887.003649907155, 419.4143494849472, 255.55518486462702)
(887.2089223255113, 419.26586050012236, 255.26998818566713)
(887.2853489248496, 418.8751139053836, 255.54601925347788)
(887.6309729956007, 418.9721901317405, 255.53137184609724)
(887.6701248411907, 419.16888056783023, 255.42097474402502)
(887.6326726310996, 419.26285726471843, 255.57115088482146)
(887.8938093583661, 419.2063412210259, 255.25441776660807)
(887.8287531915151, 418.97127329148486, 255.25555143972414)
(887.8481369363199, 418.9176360593134, 255.17034742383623)
(887.866795624299, 418.798284755104, 255.056321273674)
(887.9800855203516, 418.7222872082431, 255.08020367259064)
(887.7998163763597, 418.36175104397137, 255.2105461836853)
(888.0672068259174, 418.27046075602334, 255.3042274813763)
(888.3175801037603, 418.2608104199347, 255.10300283512655)
(888.1949675107859, 418.2437258659521, 255.04944725113836)
(888.3899259208215, 417.99373860168953, 254.9401719802085)
(888.5853202057963, 418.3845589990009, 255.10629313392303)
(888.370336153517, 418.51382426141873, 255.19918481006508)
(888.2374767954338, 418.5565893134969, 255.008696052899)
(888.3444605776007, 418.7057005496043, 255.0774597704629)
(888.1582669363144, 419.0117957222182, 255.05813930363857)
(888.2195794258907, 419.03718024961745, 255.13289228381814)
(888.3571155988589, 418.9377664187268, 255.07224106226275)
(888.1817275240525, 418.9574512060494, 255.19475466065893)
(888.2908991405172, 418.8375090529338, 254.98061928037512)
(888.3084918798858, 418.64351975574175, 255.24687075176922)
(888.4897514746107, 418.6437487301256, 255.05429384234404)
(888.2776937758233, 418.5301030140121, 255.19074410608152)
(888.2613941800279, 418.5505044592267, 255.16858852105028)
(888.086520469418, 418.5220285609997, 255.11973670084484)
(888.4100365369962, 418.9303979382843, 255.1843537197906)
(888.4898239321237, 418.7738188820422, 255.11023866831417)
(888.2581335819945, 419.2830269721232, 255.0403579279228)
(888.2770671699263, 419.2245708941931, 255.03918951894943)
(888.0943081405933, 419.17581129623693, 255.04575227830364)
(888.1097597954275, 418.902451580494, 254.97859971024616)
(887.9444702577457, 418.89639983084083, 255.18329950712643)
(888.3150330145944, 418.73670067339594, 255.2197645876204)
(888.2747004430743, 418.85906414265924, 255.09971644583098)
(888.1297934818742, 418.7138329028525, 255.09138187637552)
(888.4397029605112, 418.760260532222, 255.19112886815984)
(888.5670848659609, 418.8173635575105, 255.18528177431085)
(888.6014359492611, 418.7663195906066, 255.06466108261415)
(888.681858260446, 418.7810669567969, 255.23700555594698)
(888.7308768976266, 418.7680508243211, 255.26561770359072)
(888.9184524171108, 418.7772380561353, 255.1762964580073)
(889.2517077177226, 418.8198372465068, 255.18230299762064)
(889.2000939491594, 418.57181888358, 255.1570108029341)
(889.2829761416822, 418.5140061542315, 255.05078494290038)
(889.4441022311279, 418.5854482375237, 255.21207369345453)
(889.5899506781636, 418.01190687447445, 255.2357496233994)
(889.2918754971267, 418.3507507939977, 255.1392778780442)
(889.344715976869, 418.22414848348615, 255.22854252637867)
(889.3862440323057, 418.2932425694554, 255.24832093543537)
(889.3445098882447, 418.3082259112694, 255.1138182722183)
(889.3418800362872, 418.325007372081, 255.32954206589764)
(889.2563849249593, 418.4400969725562, 255.4415800732053)
(889.5933955203483, 418.530097361977, 255.40226022626828)
(889.9895198615536, 418.5119219281131, 255.18873277000807)
(890.0669450415455, 418.4234025886239, 255.11394579931275)
(890.110453442802, 418.47430567312097, 255.2871445384989)
(889.9320488187292, 418.1411004690059, 255.0776765182065)
(890.1215858498714, 417.85454030055894, 255.31128170085074)
(889.917583851955, 418.0557534952649, 255.18053531367224)
(889.9855326539814, 417.9242311473653, 255.20782433315588)
(890.0722246454317, 418.0517370091812, 255.1706927143766)
(890.0100915919245, 417.72173446576744, 255.33263751759446)
(889.7698652165047, 417.9514548792964, 255.0863527800605)
(889.8428348311784, 417.7388619297237, 255.18709889113194)
(889.8125484329847, 418.027680114962, 255.22363876117342)
(889.8446691279801, 417.9454735518159, 255.33137911499264)
(889.8237407487117, 417.9755090580155, 255.04772014848194)
(889.8903100751527, 417.69234568705093, 255.29986679540028)
(890.280164146933, 417.5289282490645, 255.16684157874226)
(890.214973954833, 417.60741668929836, 255.02070132212287)
(890.335005696612, 417.6848768576447, 254.97266343124235)
(890.1523224558975, 417.7414786898322, 255.1695555098093)
(890.1975775859833, 417.68250081005635, 255.2198326870645)
(890.319052665496, 417.4512659506805, 255.1742558256819)
(890.4165109191815, 417.4760056703652, 255.21656832264776)
(890.2067625411246, 417.4003207086672, 255.2971837458128)
(890.3437170166836, 417.1587979068731, 255.071407167471)
(890.490192799385, 417.1592788195603, 255.26030535041258)
(890.4491706740303, 416.84384590535603, 255.198956971612)
(890.7978868670667, 416.71549702883726, 255.18640170606378)
(890.7395857591566, 416.7021107351411, 255.14807078477799)
(891.0793213846807, 416.69810227843976, 255.04034757528444)
(890.8828747751597, 416.54924909474494, 254.90570206415862)
(890.9853516967613, 416.5916740255723, 254.9475193928591)
(890.8600704766135, 416.61002301945365, 255.04174029632895)
(890.9825028243984, 416.69298983007866, 255.03201676253693)
(890.8144447088674, 416.99893969146285, 255.05807955981243)
(890.7841664964811, 417.02308076236, 255.1402001828329)
(890.8783483564537, 416.7808541183, 255.02325415594908)
(890.9349748441774, 416.7837581339842, 254.98169962195038)
(890.7707278754672, 416.5953265050915, 255.11531658940996)
(891.0288596337601, 416.65590930770645, 254.96986711818948)
(891.2508024160771, 416.26148908944333, 255.08366892413162)
(891.0154838513363, 416.0667801832777, 255.00918125498816)
(890.7401471924811, 416.3880749793997, 254.96531374502456)
(891.1338368191755, 416.575948080151, 254.88115769272366)
(890.8317309773672, 416.83714170870593, 255.04788799585404)
(890.6847833541726, 416.9584945075827, 254.86634500949813)
(890.7639380416464, 416.9367984754236, 254.8994823642422)
(890.9729093531176, 416.890060716843, 254.9991801223277)
(891.0696538443667, 417.270974385071, 255.08528187409254)
(890.9025224616563, 417.0988122986977, 255.08147143934698)
(891.3799335684057, 416.9069639393276, 254.95570314249966)
(891.2083291337391, 416.56175497178225, 255.19249871876718)
(891.2664107187954, 416.6059002448783, 255.14265833819098)
(891.3795349504546, 416.61148129095966, 255.1077068502771)
(891.2122212323387, 416.55110936078705, 255.06685139341934)
(891.4134675673539, 416.6668267836016, 254.88557628679496)
(890.9983305209562, 416.67864373662695, 254.70105245637626)
(890.9737049542151, 416.7398982857742, 254.81239896595164)
(891.063052618257, 416.6876869110217, 254.9442264296312)
(891.1344581528693, 416.15250529430364, 254.97337940544796)
(891.1286578073735, 416.0121636650763, 255.10911983637786)
(891.1738481473975, 415.9058751846875, 255.06320833634857)
(891.2801795391309, 415.88512660537384, 255.09877464271804)
(891.551939550164, 415.8482092342638, 255.12785417777883)
(891.5391151529301, 416.01530961075304, 254.94332763085447)
(891.5732502829576, 415.8948512068489, 255.0236477300099)
(891.6179364035531, 416.02421335469205, 255.17798055846137)
(891.5396254126588, 415.6064591770013, 255.16627702059665)
(891.3489096674928, 415.7119180581577, 255.12117816271714)
(891.0736018268531, 415.7895723123273, 255.12248694554097)
(891.2624244037803, 416.06481463660475, 255.1297805168074)
(891.3480183814652, 416.2103324807527, 255.158020626722)
(891.4546780083622, 415.9431798583373, 255.1960896790403)
(891.3836799429721, 415.8990251498234, 255.2202344883133)
(891.5710667327412, 415.6061513737494, 255.3215955904829)
(891.78147423533, 415.4421479451513, 255.13157989159168)
(891.8248286236587, 415.5186086595246, 255.1055466304317)
(891.7540112178846, 415.4040871469759, 255.2284976358355)
(891.6472436068007, 415.27379676022815, 255.1677658659201)
(891.5194937504136, 415.4255916956603, 255.13911597093613)
(891.5539848726826, 415.51826811533056, 255.19844502881256)
(891.4411218067252, 415.4311014157111, 255.21145513886628)
(891.4479284865885, 415.5269600721791, 255.13903668350812)
(891.6863275646976, 415.22022435045875, 255.18829613502078)
(891.69004167768, 415.13004320643427, 255.14833133597514)
(891.9180000711805, 415.2225065752397, 255.31231711447924)
(891.8034259455883, 415.1239244751073, 255.10460795247926)
(891.9615381678897, 415.2985938231535, 255.20570481687977)
(892.1325831886982, 415.0440680786289, 255.18217198564574)
(892.2618441070944, 415.1101225585227, 254.99506456751092)
(892.0766399107476, 414.8939066641128, 255.0140035197269)
(892.224034427894, 415.02394562682673, 255.09890569562654)
(892.1378997705273, 415.2540359666117, 255.23443646645538)
(892.2444316194882, 415.5391561771528, 255.3427336716859)
(892.1836731594175, 415.5446817288025, 255.20933792925547)
(892.1017642447558, 415.287056280528, 255.1910645550093)
(891.9641929883098, 415.1735154798175, 255.0063977474107)
(891.7661579363278, 414.90213324151466, 254.9766417903683)
(892.0036960030368, 414.8769715574811, 255.19654543136417)
(892.1508718957559, 414.6780341644077, 255.19568212088097)
(892.380675496958, 414.7231151152149, 255.1466617639329)
(892.0266142364985, 414.55509971316917, 255.22265675410088)
(892.1194279880724, 414.6049831286002, 255.25073615442088)
(892.2388779206797, 414.5849752435252, 255.20068511031005)
(892.4106585701462, 414.76005516183534, 255.0945561833871)
(892.3694841908898, 414.7026869218229, 255.08853878841498)
(892.4881618936528, 414.9987520625742, 254.8809534904251)
(892.2797039855105, 414.672860134208, 255.0405589650305)
(892.2601217056063, 414.6884418289035, 255.04978602478138)
(892.2315865639639, 414.42125298320036, 255.1642518493863)
(892.4605803823962, 414.35758199104475, 255.1492899401495)
(892.3829293722285, 414.2828870166427, 255.20109076757797)
(892.4826396547785, 414.09284126079376, 254.99074213329484)
(892.5259777404584, 413.8015278323527, 255.14541889289114)
(892.627728883774, 414.0854277590315, 255.27359732333346)
(892.6891195093273, 414.3354734001408, 255.12649519662804)
(892.750493294265, 414.6031419348569, 255.1164335426919)
(892.792978050006, 414.5652359103177, 255.10978762580385)
(892.8628864469164, 414.81935159304516, 255.30584993507705)
(892.936215989726, 414.8187696413613, 255.2616371857732)
(892.9572676158568, 414.4404715261601, 255.20377059180282)
(892.9637060316647, 414.76180842744054, 255.2674864566299)
(893.0561130919755, 414.7299149514983, 255.3294507137771)
(893.3217737111886, 414.3967215028591, 255.1482599660743)
(893.1788838311495, 414.23122113824127, 255.04756561714836)
(893.3119776010408, 414.1545673653096, 255.07277162829837)
(892.8105719072325, 413.8214784307793, 255.2692368700574)
(893.0021823636242, 413.99818197697107, 255.3034462438882)
(893.0609023689638, 414.33512362309716, 255.10841150713645)
(893.0113689602215, 414.33735429245064, 255.23901048565025)
(893.0398286165224, 414.28759091536614, 255.18299174428984)
(893.0834317270977, 414.220831414248, 255.16991456384423)
(893.167244948423, 414.3544508862262, 255.09840902619726)
(893.3492411923731, 413.909997723463, 255.17845599779127)
(893.566954881817, 413.9188213926846, 255.1663272860291)
(893.6953577040326, 413.79429788063464, 255.1893704695893)
(893.639851010695, 413.6536147879822, 255.23829976985076)
(893.7245440986457, 413.41419751854505, 255.29556371337864)
(893.5896089783896, 413.47837073955077, 255.10915143891032)
(893.6360507804872, 413.62629763211737, 255.11303213248732)
(893.170454665293, 413.81598661535713, 255.08743754663809)
(893.3140234986031, 413.64276116721214, 255.10377604844348)
(893.1145755581283, 413.36809314851394, 255.15159195719355)
(893.3320888663815, 413.52925991117127, 255.28833248063665)
(893.7371091181213, 413.758613518522, 255.27680137196168)
(894.0623296064668, 413.6341066943339, 255.06323721368676)
(894.2306068151215, 413.6598987237486, 255.1197709685237)
(894.107045012795, 413.75135092734604, 255.06929495612968)
(893.9728934409948, 413.610495909153, 254.9105895098013)
(894.0899598113024, 413.57123725048666, 255.06804131376438)
(893.9815282860262, 413.49245345863335, 255.0391948689917)
(894.0230934609381, 413.3163436918825, 254.8696540807733)
(893.8616637629933, 413.561108548725, 255.0347602033887)
(893.7787384105272, 413.41105614794753, 255.0610281567174)
(893.7887864121442, 413.45582537945137, 254.9884065933238)
(893.718594631016, 413.1001283769169, 255.04453950284093)
(893.6751357866781, 413.01527704045736, 255.0009040337297)
(893.7290562114487, 412.9272241567959, 255.03698060242058)
(894.2139511459106, 413.25363266192704, 254.79567364857374)
(894.3195822098786, 413.03712460717577, 254.89651159682168)
(894.1116830170203, 413.13845556182434, 254.86888088861744)
(894.170406385085, 413.08199847956286, 254.9425362787664)
(894.2121939186148, 413.0416730462996, 255.03117117462605)
(894.0070624994405, 413.04031361930777, 254.95256054064922)
(893.9842740549127, 412.91324296134945, 255.0872512751411)
(893.9342350347794, 412.85425625914485, 254.986382398234)
(893.924660912739, 412.81767363932556, 255.06202329456036)
(893.9735279096186, 412.8101713073687, 255.04623959843914)
(894.0109212304347, 412.5805602324546, 255.08726070340472)
(894.2314133327047, 412.70974826826455, 254.98501099020595)
(894.3871145754894, 412.5848017169362, 255.19115231366223)
(894.5947443251206, 412.7573835888792, 255.0434172437182)
(894.6194823622186, 412.7458217343794, 255.08711228775564)
(894.6575109585838, 412.6956458896916, 254.96301504010083)
(894.5469399733304, 412.5937264557249, 255.15135461209405)
(894.664315350122, 412.58926665638404, 255.07218739083294)
(894.3389101749664, 412.52279158483543, 254.84324134988856)
(893.8695977449732, 412.4006083061018, 255.00212752986647)
(893.982459689686, 412.58756634649785, 255.03969560040073)
(894.0325998357172, 412.3497081603289, 255.17973399984118)
(893.9562047831328, 411.6637105974019, 254.89594829638847)
(894.0265109631797, 411.8017890956305, 255.13892334782395)
(894.4502021528713, 411.8396404948714, 255.13412054458024)
(894.464921687504, 411.97012951293067, 255.11488756823297)
(894.7018306213918, 412.001893498791, 254.91146826701592)
(894.8231958832121, 412.2831909748162, 255.0078597174673)
(894.9550694587958, 412.7485413144151, 255.0132273396179)
(895.3786835534122, 412.7602386058629, 255.15104382194724)
(895.2646463310853, 412.78811005426525, 254.95609517634284)
(894.985153630005, 412.46958080461997, 255.10516476696725)
(894.763566194908, 412.34212659512633, 255.14518496425052)
(894.713374271378, 412.1440775466785, 255.08880706808696)
(894.6677681710112, 412.1498204128669, 255.10573444675578)
(894.5858134915628, 411.81537015076293, 255.14650638953577)
(894.6018869920869, 411.7809719487059, 255.11494085663927)
(894.806892372855, 412.00319732113894, 255.14116637010707)
(894.9606738136473, 411.83743554672833, 255.15222524869307)
(895.0302480264401, 411.95549142631194, 255.23371879232974)
(895.2687708208213, 412.161654800363, 255.09073509742262)
(895.3953770786139, 412.4650297077857, 254.921642135073)
(895.2927580469467, 412.34053550924716, 255.05095942654842)
(895.469814995858, 412.168964497862, 255.33160836298725)
(895.6639525848121, 412.08286306189757, 255.04317698163177)
(895.2088806921994, 411.50135816016007, 255.07790054281884)
(895.2366206479968, 411.4439909481231, 255.16543976192258)
(895.2830254679782, 411.2079744029516, 255.18826412755783)
(895.3032105502366, 410.9842357057818, 254.9337504435358)
(895.5881517353722, 410.8780713799951, 255.0719941408657)
(895.4003584036777, 411.0701199929378, 255.1032606822108)
(895.6749946959044, 411.227532545429, 255.22220737388707)
(895.7827073298114, 411.45322557656584, 255.21574310737088)